3,86666739370199    3,78650380707649    0
-1,38541255679066    -0,914707474973451    0
-2,78601953518902    1,72384192550998    0
-3,27269906996673    -1,61553058066174    0
1,29434599722488    -4,73144542028475    0
-1,11389050693365    4,26871690944    0
-4,25563244966107    -4,35730931063057    0
3,57743716182326    -0,495739809933928    0
2,71016178874888    3,98886549530134    0
-6,94347328935442E-39    -3,26564038091603    0
-2,8430881659455    -2,2673579659735E-308    0
-3,03274563660552E-154    -3,14185784887558    0
-2,28557242885318    -0,770070162954791    0
4,65570080035372    3,40021327529113    0
3,72773145268162    -2,17577314434156    0
2,68349399216636    -1,98233662257779    0
-2,5574631861213    -3,55168552787896E-154    0
2,28111577555603    -0,456757226705903    0
-3,60499861771428    0,114691411905596    0
3,26015369130374    -4,26896593316854    0
1,07789824231428E-09    -3,79822169374592    0
4,06494219942619    -1,92051017697852E-77    0
2,99771852623322E-77    1,7990640566725E-77    0
-3,67950593065807    -0,390326256198832    0
-2,03068956079532    -1,98519467664283    0
1,01656177117797    -4,72376915825794    0
3,17489398970325    -0,926488214241656    0
1,01656197379302    4,72372518876913    0
1,1134905351597    0,346923366341219    0
-0,0127696153623237    -0,564860847151729    0
1,1134904798333    0,346918070850956    0
1,57119219020302    -0,205701325337118    0
3,96488041187062    -0,0279243521177636    0
2,63696621062093    -4,33499933076561    0
-1,35083905797683E-309    4,85031594502748E-10    0
-4,10537997315077    2,02051953123452    0
1,14055502869688    -0,205701325168827    0
4,2419076354401    5,12810595319005E-05    0
2,27968492012499    -0,205701325221375    0
2,05895701214928    4,85031594502748E-10    0
4,1679397642641    3,99605641560445    0
1,15851391202621E-38    -0,0820743960641269    0
-4,82065439901819    2,15302227441174    0
2,55268998672601    4,38776612719436    0
-1,26407772099492    4,55930336744365    0
1,11849918606229    -0,456506693896914    0
5,61140712605128E-05    -3,6276054659991E-05    0
-2,55265153139727    -4,38776618808887    0
1,10273797898346    6,51458090782921E-05    0
4,1407634641831    -7,38739434379116E-251    0
-0,0344433100123168    0,270778194212757    0
2,61418863191934    2,04156565450423    0
1,09562437267381    -3,07413154186981E-77    0
0,492352717363085    -4,52293790546702    0
-2,19665232477294    0,424891957245329    0
-1,19224542018585    -0,424840552435985    0
-2,19665232477296    -0,424819424475251    0
-2,9556042576163    -3,79242255075469    0
4,30059877967297E-68    1,71448771151369    0
1,24560818300648    -0,154995162163191    0
0,507113458766657    0,230091260332508    0
-1,75595083342344    1,11391339140275    0
2,64793824614064E-308    -4,39692890242934    0
-1,1917504821395    -0,42484845149334    0
-2,6851698103003E-19    -4,86055001372851    0
3,55576812638197E-306    -1,92009975221944    0
2,19534440859697    3,14006301397691    0
-0,49661398035927    -1,73349443514466    0
3,89546880912756    -4,32522901212436E-270    0
-1,77526756231436    2,62550516679918    0
2,65102509993406E-308    -3,48871580742817    0
-4,40443590349479    -2,90268520261416    0
-3,0239569255001    4,39724560501077    0
-4,95326398458952    -3,10608655311274    0
2,65644382576293    -4,96211251394338    0
-4,85308618023081    -1,14249734058329    0
1,16855649705593E-19    0,521183744774949    0
-0,171756223724927    7,14743557091857E-39    0
1,0253611277481    -0,112741097187322    0
-2,98230442739571    3,13276540239965    0
0,556291341700308    -0,0108472327011873    0
4,85448300831694    1,99572708545776E-19    0
-1,21267435256873E-19    -2,37054860625585E-77    0
4,85546015353093    0,932392678571227    0
2,37834431520904    -1,76344492897567    0
1,02536303758967    -2,68264754283414    0
2,48818916861057    -3,91433829391149    0
2,82636799693678E-154    -4,42589401718038    0
2,84438344066153E-299    -4,22837866247278    0
-3,07547152418433    -3,77541649098564    0
-1,66537213111176    -0,0108472299778729    0
-4,95315503696178    -0,102872562176954    0
-0,0120135841388881    -2,90959925696073    0
-2,99525031246715E-77    3,90822609520453    0
-2,38052644400791E-19    4,7304241793761E-05    0
-1,6945087479664E-19    -0,222621712563126    0
-4,72782261171907    -4,13635301189937    0
3,87105037370071    1,11466129093747    0
-0,856960614145249    -0,596784185340556    0
2,77631792136297    -1,76455693713246    0
-1,27776109714113    -3,91994998004342    0
-1,69105490485794    2,6304132154353    0
-3,88367450261388    -4,05085362540611    0
-2,40003795223582    2,69857825529641E-19    0
-3,84952518310031    3,58371157228911    0
-2,47807860952281    1,18319062915875    0
-2,9151350039239E-77    -2,23867233968829E-77    0
-1,70331183030449    0,533527492328327    0
-4,72782262977929    3,07855616547677    0
3,84954509584007    3,76775587385881    0
-2,11526042968382E-19    -2,37636492301043E-77    0
3,29335563629156    0,144124460594907    0
1,92657741531463    -2,05541768785107    0
-9,08455531919328E-10    2,83880074623513    0
-4,47187352409241    -1,25082114993259    0
-0,059964267166059    2,47517215465913    0
7,3496622199357E-152    -4,91205238733071    0
1,15010518711718E-09    2,15992574464169E-308    0
4,59317916265089    0,258763059049116    0
3,45874684829767    0,254916919052804    0
-3,97839517811472    3,57510640494504    0
2,44960546598455    1,73585079196411E-270    0
3,84933297467524    -0,147295312262767    0
0,0185834462683981    0,869639747198133    0
2,10618245510742    -0,997359060686475    0
-4,70614590651826    0,248460695630062    0
-2,43745248198572    2,16692675041867    0
-1,84028798398941    3,55971183560775    0
-3,8739759189756    -4,05933256216912    0
2,92420600685282    1,71251845700987    0
1,0254218811314    2,31363543300593    0
2,87940055592381E-18    4,96327578513144    0
0,0120201790881662    2,66674408709639E-193    0
0,08303206114128    1,4304013451362E-307    0
0,0570672168674776    -4,82563657170133    0
-0,513347070955877    -1,04720008497849E-38    0
4,21281425235108    -3,05238224409973    0
2,55608086394858E-76    1,22942459017357E-38    0
-2,09206253620426    -3,56992770581687    0
2,44725268429498    1,03951967541499E-38    0
4,26036006380739    -1,91061406646547    0
4,12002086132766    1,70878532189354    0
-3,57712001473509    0,991847201246696    0
0,626776680775148    -4,64538884341076E-310    0
1,86880716766562    0,269813367832665    0
0,340232357770741    -0,128872345899214    0
-3,57708882614406    -0,991847201246688    0
-2,4319433362372    -4,19764091685417    0
3,58368684684531    0,97293995552961    0
3,47673314027355    -0,704608504993857    0
-4,18876706336837    1,52064790051669E-250    0
-0,0086846560933414    4,44871891167281    0
0,502716470888771    -2,0027989213585    0
0,517680936391453    -0,595851873833885    0
-0,20218035313632    3,88923897821886    0
-0,775784936011589    4,66100195167597    0
1,35439561470951    -3,21763168730779    0
-0,452290063468867    -0,416157471853269    0
4,9855763765623    -2,3111649608701    0
-0,0587614579035148    1,9262390915253    0
2,36781970484611E-154    2,91345359145118    0
-4,69549043530612    1,46725863519463    0
-0,100115096300151    0,0140390842568086    0
-3,539937010609E-77    -0,586299266817381    0
-4,28520155036956    0,348575018253908    0
-3,54835557003348E-77    0,588320999434985    0
2,03855032997571E-154    4,29817050468924    0
3,98486782645798    -4,64409856530197    0
-4,44592595074602    -4,11388909409337    0
3,98486790387903    -2,03360079221872    0
0,0445221280607941    -1,54958224328357    0
2,01748252781495    -0,741958609808368    0
3,47057275594475E-05    3,56351505582564    0
-1,14205217742587    0,135021589212625    0
-0,765967436957158    1,37790239803772E-09    0
0,201531640801186    -0,60276580552889    0
-4,87199433538965    -4,55614642219437    0
3,97893425192634    -3,35654263754324E-09    0
0,0347337956771584    1,04016849047099E-34    0
6,37366381139398E-20    -1,22876028885846    0
3,37379618434344    -3,96831257404359E-40    0
0,0220849641323635    3,90651869142971    0
-1,65711565419996    4,19740491381394    0
-9,41241955338772E-39    0,261421884383239    0
-4,48054216311755    1,46150587037352    0
-3,0096243571515    -4,23002174464074    0
1,38746520918249    1,52519577949221    0
0,0297387931419896    -0,580225998580159    0
-4,68276598100626    -4,67542157124203    0
4,82134330058325    3,38145086932064    0
4,17234926911646    1,68342739654865    0
-1,99749751925007    -1,48233679150347E-09    0
-3,16906730412641    -4,06132615144618    0
-4,75791295215574    -4,80450614458147    0
-7,48758073560354E-05    0,173174244754921    0
0,0296976300507931    -1,55161567554655    0
0,187980859424043    -0,173174233606559    0
0,835039199969813    -2,27592494472858    0
0,842022188302584    0,571670464156981    0
3,52284978062874E-05    -0,00664619653325604    0
1,19578490312572E-38    -2,04941940322618    0
-0,0010594985674054    0,173169096790033    0
-2,84978035209562E-15    0,451437027867236    0
0,00107713680231991    -0,173169096745604    0
-4,38754474976602    0,184330854561557    0
1,62936090305422    -1,54845396577528    0
-3,20386225632346    -2,43725224464036    0
-3,11876120041391    -1,09166527023088    0
3,23353192144518    3,79300268773881    0
3,57021234862982    -3,42804598548824    0
-3,03056257243042    -2,73420483129773    0
0,180460425185601    1,89972522420867    0
-3,13664534840198    3,34076361980273    0
0,0296630947750887    0,173169126694882    0
1,22639255422465    -2,0058896219673    0
-1,19467108442224    -4,28703104202815    0
0,473132018210959    2,89483981246752    0
-4,26539072766803    -4,14648156750127    0
2,46476523342845    -3,32817230372531E-308    0
0,180521445969106    -1,09278679823859    0
-0,183578799584256    -4,25577942029459E-77    0
-7,60030162307396E-304    0,803907465098383    0
-9,26455964399961E-38    -2,27618892902568E-09    0
3,25982752329771E-48    -1,39104271192323    0
1,2374642248837E-289    -4,01200071434791    0
-0,0141147036863438    2,1311680413521    0
1,00030767952493E-271    -4,01200071439494    0
0,0144867177305229    -1,51406765514927E-38    0
-3,86568138788719    2,46572280744899    0
-1,19467132283795    2,11359444633003    0
-2,08177418954005E-37    -4,96472514456478E-10    0
3,67685520865958    -6,57124529278198E-05    0
3,52598140462995    -3,50055189656805E-145    0
0,275716189023343    -4,30653131506788    0
-2,08039665755619E-37    -4,96470627267858E-10    0
4,86841785823358    -1,23013043134894    0
-0,0173555399126697    4,21485140683039    0
-3,28876086896693    -1,48012181323475    0
-2,67201154723966    -2,72490269572429    0
-0,00187439508568264    8,9545826124627E-39    0
-2,05262831405975    -3,92786721751203    0
-0,0172341690783118    -0,128449063903206    0
4,75108043279084    3,15376121000757    0
-1,08267440168752    -2,49465615178155    0
0,750803859515586    0,0692400728348008    0
4,7829800210031    4,38438806654156    0
-7,52391686707112E-309    0,54446611631086    0
-1,08094282853837    -2,41468031921584    0
-6,64149128497715E-05    -0,569267191347603    0
2,01725653362187    -0,192408117089611    0
4,11470181733123    -6,81537597873497E-39    0
2,36036208524783    -1,16400443700387    0
2,92835630150051E-154    1,63257976108815    0
-0,801493413591926    -1,79012310540165    0
-3,04957206269213    3,50052359015079E-145    0
1,12820555275693    -2,64307663666239    0
-3,18658371305159E-05    -4,27238365798329    0
2,87948520296089E-154    1,42955794118399    0
-3,86067713123756    -1,93209653102643E-154    0
0,332942106625038    -2,11934720883715E-31    0
-7,21154986983513E-05    -1,111194363847    0
1,67819153326858    -1,42678050979999    0
4,15453473859374    2,90224441026463    0
-1,11397208176664    1,16010868608055    0
0,77564119859018    -2,64048710045535    0
-1,2325556610505E-38    -4,75708332748487    0
-3,63052262867749    4,14917905568135E-309    0
-3,63052265105476    2,2240342578919E-154    0
4,46817573354116    -2,64922528324582    0
2,87919121360574E-154    2,13233321986536    0
-2,56205718852238E-19    2,07788437803829    0
-0,12622056419787    1,79012476690708    0
4,67467202324172    -4,14916803416778E-309    0
3,11036208549549    1,33685179349368    0
1,56649755565791    -2,64922654814951    0
-3,06611801416226    -0,929976216193744    0
-0,0118013934507798    -2,07686866317883    0
-1,11000712833087    -4,01534870926247    0
3,25279313116883    2,64582002767807    0
3,08069825405352    1,18630698644672    0
3,6709386755942    1,29262796996026E-308    0
4,71676191198369    -2,18799878327769    0
-1,56649669133223    2,64922651592808    0
0,2684895842688    5,74410598520092E-05    0
-1,07481050418061    3,500188185803    0
8,63528154434727E-39    0,782789723692111    0
-4,70077247932573E-05    -3,16187429239763    0
-2,84650801218727E-19    2,3160048191461    0
4,19683874537401E-05    -2,6268285901349    0
4,23473876403166    -4,10558554869953E-77    0
0,0194530458981036    4,81217066281979    0
-4,03640362219219    4,26225835994894    0
-0,01946555426894    1,34903494476016    0
-0,0115290888181325    3,66352128268383    0
0,773150342945899    3,77771126055175    0
2,04274611346603E-19    -5,04407586470905E-17    0
0,376913221216008    0,103601793350624    0
3,56155453648491    -2,25262048365845E-77    0
-4,23473876403165    -4,75394328222456    0
5,45611143898627E-10    -5,27815516026827E-05    0
-4,084323536955E-05    -3,02535208996631    0
0,0548246201521191    3,13266519212442E-10    0
7,13951561332247E-39    -2,80775855928514E-154    0
7,00293373179732E-39    -8,71689342781194E-39    0
0,376913237322648    4,80432840984345    0
0,698564837565608    1,4184574253869    0
8,6352817779245E-39    3,33273953769774    0
-1,22110516663818    -3,78262225699516    0
5,38347768455113E-10    4,22859086846462    0
0,903520668208804    4,3713303936295E-11    0
7,00281011428137E-39    2,87822998946329E-77    0
-1,86162221352955    0,751014703944782    0
-1,16025155647927    4,22859069518058    0
5,4561869692303E-10    -1,38648584782448    0
0,100592060527192    0,186854095068495    0
4,43186459572479    4,80429345113409    0
1,29575871224318    -0,0543268096863451    0
8,77804131325546E-39    3,46110869226338    0
-5,45611143894717E-10    -0,197010262342193    0
-1,15854375997642E-38    4,33436868483126    0
-3,89153875905329    1,9946195691305    0
-4,35684797920081    4,42156639834164    0
-4,90957223957924    1,51394831340352    0
2,14418136643483    -0,305400145680655    0
-4,17952458801657    -3,44904033725374    0
-5,44280048074785E-10    0,186190917085021    0
-4,90957224035636    1,5139483708244    0
7,61532401798259E-34    -3,36135387248902    0
-0,0125454148683264    -1,28546938617685    0
4,52202836442316    0,262754777772471    0
-2,40750865548191E-77    -2,10321410065282    0
4,20519304118087    4,9615986173331E-05    0
-4,00131473919861    -6,49751141379229E-10    0
-2,01112811744638    4,19228337908776E-30    0
3,9510368816547    -4,03053316475383    0
4,52279676834624    -3,92789704209561    0
-3,58290169273145    4,80310992667378    0
-5,27447235436566E-05    -0,179957244949672    0
7,87560379182025E-145    1,15582799825623    0
-5,259832219297E-05    -0,183564582531645    0
2,40750717491283E-77    -4,80453272616037    0
-4,27281149758134    -8,22800158681567E-39    0
-0,24434437753835    1,14741423777199    0
-1,25373888941966    0,934350423484273    0
-3,75776409107764    3,80877087303043    0
-2,73302048081552    2,7201282021284E-77    0
-3,93444111930364    -2,99060544863965E-154    0
-1,01656839586387    0,0401709984088608    0
-5,78857656140286E-05    1,14743284273889    0
-0,542935008238467    0,899669330520402    0
-3,82550695665879    2,47014363178878    0
-0,263169461141369    -0,251908322813274    0
-0,181374427237539    1,92221448147773    0
2,19906392873842    1,65358081513721    0
-3,83376585266352    -3,58972000984792E-19    0
0,207905059785835    0,936586579895396    0
-4,12414616949072E-05    0,678047214640886    0
-1,0653522778791    3,12779241571137    0
-1,89679405554994    0,288863884916509    0
2,14626585264963    3,81105324254553    0
-0,511140487741799    3,40619977516893E-77    0
2,29585396932075    1,63278897371105    0
-5,78892859523836E-05    -2,40225619998607E-07    0
-3,80708810710238E-75    -4,65645672140131E-05    0
-2,15132425150248    2,79682912149455    0
-2,29194924993845    1,63278897374383    0
2,65526837926958E-77    2,4022538565087E-07    0
-1,23307179293798    -1,98643307361524E-19    0
1,93681127457199E-19    5,31016941754478E-76    0
-3,96169621956722    2,10490662755064E-07    0
-4,14215284815045    1,96298928251112    0
1,25227854178748E-38    2,03190893504127    0
4,14076612137883    0,888780400105185    0
8,70366052906936E-39    0,0109349739414698    0
2,69319722225121    4,18410910665984    0
8,8919172229821E-39    -2,77369771736264    0
1,76461640554663E-77    4,36812602528489E-82    0
-4,25741800259841E-77    3,04935447712798    0
2,29317726991217E-154    0,000870356331959303    0
-2,9535112101467    0,381535597689087    0
3,04328620301945    -4,80154990352645E-05    0
1,91694115567295    -1,32551770688172E-18    0
-2,27773404038041E-77    -3,98260000206659    0
1,70914307427827    -8,80011571163354E-11    0
5,87987154160084E-310    0,809987173945289    0
8,79111207364033E-10    -0,421816935298464    0
5,85001273654468E-05    -3,80773827064807    0
-8,79111221749932E-10    0,421826876558955    0
4,80475197862042    -1,30196185830318E-308    0
-3,7914633597786    1,48351308375824E-308    0
5,16406300735235E-05    0,288203351799493    0
8,79086576152559E-10    -0,421826504321613    0
3,52572803996936    -0,421826875630584    0
-3,09146338928574    1,81974524575392E-07    0
3,5493353309955    0,0802399852823131    0
1,91884129019719    -8,33135494661999E-39    0
2,1520670583448E-76    -0,449063379992295    0
2,63443551079116    4,99226464673066E-05    0
0,761625299119224    3,16231902783245E-154    0
1,18918010257978    0,923881245434891    0
-0,830739387906461    2,99115481692886    0
-3,75185596698516    -3,02181961072953    0
1,98076400765261    0,903154935187935    0
2,76725132379594    9,79734805398788E-10    0
0,0103365922124457    -2,42938586130315E-19    0
1,08630484227329    1,89407626846424    0
1,98076400766108    0,754230741323735    0
3,79065268562831    -3,02682380986456    0
3,85939923646888E-15    3,02682380221731    0
4,25339789570035    -4,02773891067967    0
2,04929909058412    1,81979728092441E-07    0
2,41920241158688E-77    0,762972122955618    0
-4,10415053106651    -4,11693143550242    0
-3,79057566240229    -3,05794683034537    0
-1,48440998535206    -6,47114547932074E-05    0
8,67430859324542E-10    -2,67881047803853    0
1,86101500052162    0,0141843095689671    0
2,57510058006268E-77    0,0136667110904746    0
2,05242979143838E-309    -4,73270388573039    0
2,05777498389049    1,03375306532431    0
3,39148716471093    2,07858857830669    0
3,11486940430613    -4,84472622502529    0
3,16619629861847E-05    -0,755447699187508    0
-2,36480156378558E-58    -0,194763261466902    0
3,16619629931344E-05    0,755597724842243    0
-2,60867953526683    -3,33378934672004    0
2,03433740435752    0,769624954436611    0
1,60141313189053    -5,08695884186928E-05    0
2,16302669744945    -0,00811932836962559    0
0,834179289308667    1,12678300180047E-19    0
-2,02720505411661    2,65463235226986    0
0,0783524780646222    0,0107545397181117    0
7,08732109974423E-05    3,18001705159872    0
1,04265486492614E-308    -2,6775976689749    0
-2,65251666003698    -3,79431897023937    0
-1,68827425794067E-38    -2,65523245539893    0
2,46139417580123    -3,79431897023937    0
0,0812278503509428    -5,08715374057887E-05    0
3,5053207927742    -3,2243676010933    0
1,6696464577528    -4,88536756030106    0
2,38016865698837    -0,193739629403028    0
-4,78126527700625    -0,777026554931283    0
1,62400807518741E-308    3,48521329259012    0
-4,92608320880425E-05    2,09398387456375    0
2,22720168891469    3,13378480074371    0
3,13854360766011    2,21912487218795    0
2,22658982784779    -3,13378481657668    0
-1,38369352122886E-75    5,11875154723651E-10    0
-2,22720274458784    -0,959248852064714    0
0,00950450384827283    2,02874091704031E-19    0
-4,66846273503006    -0,129766008606605    0
0,53972053725829    6,22478421575785E-10    0
2,13220380092305    -3,74236643066232    0
-0,129561631394964    -1,4839971839165E-308    0
-1,84731984877485    3,44529388865702    0
-1,55526064024512E-19    4,64895588345433    0
-2,42896138301979E-308    4,47207029512413    0
4,84197351550785E-05    -3,57834234512784    0
-0,677187491989316    2,30492698649084    0
-1,02432383045313E-38    -2,28953633668739E-309    0
-1,04675857948573E-09    -2,22032570176549    0
-1,02432382830685E-38    -1,45593545854836E-309    0
1,04675857948574E-09    -3,90782570176549    0
0,545812842596632    -3,11043306297697    0
-1,14652421903369    2,67659769554147E-154    0
-1,55397570827576E-19    -1,94930846284744    0
6,67979358661119E-10    -3,37878649826469    0
-5,11174804614361E-08    -3,57958835017848    0
0,817693948531961    -0,207024328950039    0
0,00859152618636627    3,67299938612092    0
-0,817639911741146    -2,52082092693596    0
4,44266038961731    1,4137293875356E-19    0
6,67979357773431E-10    -3,38697808380545    0
-1,62807889278549    2,42070941274087    0
-0,964209942327202    -2,5185072656464E-154    0
-3,25610118772644    3,05231835136764    0
0,133212560384017    -0,345940527234769    0
3,34633101610229    0,0567014703155456    0
-2,20274323847046E-77    1,91678997140778    0
1,22959654835139E-19    3,62068484189312    0
4,66236661131949    -0,855172312381431    0
-3,2562033386362    -3,33659871403901    0
-4,33960418387243    4,61472779490081E-154    0
5,53275327282933E-10    -4,45664150217507    0
3,67109386353814E-12    1,74756255413704E-154    0
-2,9683251077364E-77    -4,09807863603256    0
-0,391069932592526    -3,74723314240257    0
0,00832741886760565    2,34309991659921    0
-2,06685615567312    -1,89324854520777E-19    0
-7,90690960576176E-10    0,834149684829394    0
7,57138137100484E-39    -3,25920102300379    0
3,48048675755708E-154    -0,685538665327324    0
7,57138137040577E-39    -0,855177328858959    0
1,4445846124804    2,75771884600751    0
-1,66258275729748E-308    -3,67208614562557E-154    0
3,1011268734608E-154    -1,87201494839482    0
-3,58920068252887    3,6720873987791E-154    0
4,86417956154385E-10    -3,25643993367275    0
0,149812630817145    -0,0897518633144818    0
0,462351566477489    -2,70137365682275    0
0,899034763179669    2,37631275454985E-154    0
1,28265404062325E-115    3,93090620361829E-05    0
-0,636311258195558    -3,28255279448119    0
-2,75667990571633    -1,2134603213778    0
-0,013202305382739    -3,6416511371275    0
-0,895193301710019    -0,236160870005257    0
5,17193739026208E-10    3,56868188295918    0
-3,20246697785448    1,21346029733866    0
-0,877133734070102    -1,1935826459102E-232    0
-1,92274600409905E-154    -4,8201611420832E-10    0
2,59616303805958    -0,0897518656381521    0
3,41344405294837    3,03118094249466    0
4,30697558043291    -0,226536970469726    0
0,015767221093116    3,18213451103407    0
-3,73592893892031E-12    -3,1590311826016    0
0,635492729783782    4,70275757742303    0
0,8990353054403    -0,414603700839287    0
1,07621459055619    -3,15901647171937    0
-0,754551882888681    -0,136083278402689    0
-0,640027362689724    3,62632356247137    0
2,27271433339171    -0,146075527764423    0
3,29708317182912    5,44062412974612E-10    0
1,28227442585314    -1,16751523111866E-77    0
-2,12741269420294    -0,831859056011925    0
2,18801855351072E-19    -1,46516928746215    0
3,23643196292055    -2,33564302990443E-154    0
-9,30020292993121E-10    -4,46658820306651    0
2,8553802978637    2,33343975689352E-154    0
3,66931813552353E-12    -1,74753971223198E-154    0
-4,56998552485248    -1,6165984170783E-309    0
1,11222465371275    -2,54322975057809    0
2,81833298868845    -1,46516928746985    0
3,85538320372145    -1,25883977430787E-308    0
4,01418717349033    0,157404014490031    0
-2,81833298868422    -2,54335279987505    0
-3,44891998274788    -1,72723545889761E-154    0
3,85539069900552    -3,30084411211618E-309    0
-0,340044266711254    -2,17095719121479    0
1,7511206424724    -1,26878744526934E-308    0
-3,08604487905143    -2,5670826586894E-308    0
1,08259321923989    -4,70364291025391E-154    0
0,0144392235795581    -2,17811350203562E-125    0
-0,847694293467758    1,93187942119897    0
-4,50604094169384    2,17811488685145E-125    0
5,38974345339926E-12    3,08501958984278    0
-0,0135177992102273    -3,5184667164521    0
-2,44639632273235    -1,21364024111247E-308    0
2,86125567591004    3,21849077305696    0
-0,590275998967828    4,69896667859637    0
0,0181419215367777    -1,85169016330116    0
4,25911279862353    -4,65311886982956    0
-1,55520666427446E-19    2,42637246261648    0
1,22974439467171E-11    0,593530789759723    0
2,85379048731964    9,92895473475113E-10    0
-4,89699207777467    4,65311887547537    0
7,51895444304756E-39    -3,91737513398278E-19    0
-4,88296860824651    -2,6753964823081    0
3,82626399526556    -3,70331316660313    0
-2,1327003094402    0,369322022325696    0
2,44638118276485    2,1450393628701    0
-4,45109823693826    -1,18187061779314E-308    0
-0,769269726937078    -3,20751334636275    0
-1,77528917406066E-154    -2,65765377803207E-154    0
-2,93002376089083    -2,65908229193026    0
-1,49695160870082E-154    -2,65764953292836E-154    0
-3,40131638703714    4,06366016208617    0
4,15252799053111    -0,986784897275169    0
-5,08316876783166E-10    1,19420239104353E-38    0
2,89615113405822    -1,17457336037578E-308    0
-1,77060200845385    3,92604735501555    0
-0,168545311401302    1,49367408208377    0
-3,43525976807236    4,07396667430544    0
-1,06920675133333    0,513940109974284    0
-0,141800467465475    3,0269998215113E-34    0
-4,99797410357202    1,19461791313988E-17    0
-1,04051057038275E-308    -1,21474009762273    0
3,37378878266255    -2,35247384817846E-19    0
0,141093476284231    -6,92442222550126E-39    0
3,37441167722101    -2,35188589307259E-19    0
6,33492592503975E-305    9,17438853442231E-39    0
5,2532798909522E-270    3,57447636000172E-77    0
0,639024379173236    2,95753817119185    0
-3,83700304144855    1,51227066341908    0
-0,0148116307279513    1,12531473417074    0
-3,56059576753189E-270    -1,3885621388833    0
4,87445147236551    2,14042449814456E-38    0
0,214127190322918    5,20590153493875E-304    0
0,948465328354009    1,6011636460871    0
4,55807227158371    0,660672715181609    0
-1,56845290738063E-308    -5,03199961769819E-10    0
-2,31621240571034    0,00625145038421858    0
-1,56845293182057E-308    5,03199961847427E-10    0
3,85351811016608    0,00625447840463087    0
-0,87251679865331    1,60136709372636    0
4,64777511653334    3,20096064747039    0
2,05003222954335    1,5285958664154E-31    0
2,44366337990552    4,54884024192029    0
1,98733655974818E-19    4,08846382497745    0
-5,97831702298132E-20    -0,0153255781313844    0
0,872319916552193    -1,60136707146001    0
0,0183382767629646    -1,25549135495759E-36    0
-4,17761158643321E-77    0,860498376769    0
4,75989660630404    0,00625157085407216    0
-0,771909470978208    2,7536134593857E-154    0
-2,05157634646599    -4,3808986144666    0
3,35516994329177    0,00625145038403078    0
4,97293599879972    2,01721650598274E-308    0
3,2791883779782    0,0394221238461353    0
0,0700707460885017    2,82784238809558    0
-0,300747705445684    2,07506890349079    0
-0,426037741403086    1,6588151219114    0
-4,25693351271413    -1,17802726883741    0
2,39888901680773    1,1785207439811    0
2,0503153924769    1,24500231854209E-38    0
-4,69531295769644    2,56895480934111    0
7,44491583063342E-309    -0,285252982347503    0
-0,747915623179615    4,7402181206691E-154    0
-1,12517227677912E-09    0,856754066853894    0
-2,40556122999752    1,58949883859709    0
7,71519911464044E-20    0,411261988658865    0
1,13680724431316E-09    -2,09089284161427    0
2,22287459470627    0,208304755019525    0
-1,89932446965261E-19    4,15252753860409    0
-7,33729465731729E-10    1,27624216761984    0
-0,214479674381474    4,15252753958999    0
-1,93909679116031E-308    3,8635393756139    0
1,89932446963127E-19    4,15252766062963    0
-2,40598842995078    -8,78006780529437E-10    0
3,12855852762446E-05    2,43639380744515    0
4,0018479195432    -1,77783453884919    0
2,0050055390141    -0,00463927212768385    0
-4,24895040333419    -0,497106116392622    0
-3,71797863274353    -5,77286410609392E-271    0
1,7445988053198    0,0350961583040063    0
1,97495343488406    0,889029775462416    0
-0,253068794532047    1,76914906893131    0
7,37622730895863E-09    -8,88857436863452E-87    0
0,00888499681422142    -1,64520016263774    0
1,09502142533462    3,73086150156228    0
3,90603437968811    4,47682911100039E-08    0
0,813469321380122    0,496723897378214    0
2,68427809595814E-19    1,22719982832373    0
-4,50765675207243    -0,942355624140489    0
-3,47034887463412    1,76828880736803    0
7,02678376177465E-39    -2,90394731127273    0
-1,488019969983    8,53101690212196E-39    0
-2,0551302297256    0,0151071042737904    0
-1,48802002484468    -1,68918043910237    0
5,83288189730932E-10    -3,00704343196583    0
6,11082772000743E-05    4,42049435115559    0
-1,03733645836376    4,23300692493919    0
0,90514038867858    7,49014123307144E-05    0
-4,75727674240473    -4,23300692493496    0
-1,48802014192961    3,50220283338662E-310    0
0,0544894044524044    1,46529489965807E-38    0
2,88654731267935    -4,08799258114972    0
2,52051933078556    3,2974270667844E-154    0
-1,00689777686004E-09    1,95654394537329    0
-1,28603365461005E-38    2,90394731079407    0
2,61430728995051E-154    3,50220283359976E-310    0
-2,03364111810627    2,90394653638457    0
2,66654799281651    -3,50220283338652E-310    0
-1,20251965605822    2,67870927737077    0
0,405971891227334    5,87270553369429E-275    0
3,89543388588903    2,90394844435164    0
0,782342626343944    -1,63474595852198E-154    0
4,50764926072308    -1,75949293876993    0
0,895075931126256    -4,87792625112016    0
-2,85682372325393    -0,896591850404975    0
3,43954724844398    -3,53267017034271    0
3,33886108620257E-05    -1,77381613951097    0
0,78234231409745    -2,21197893434447E-154    0
3,75210975233979    -4,27832076758068    0
-2,49990003066826    -4,29189295475086    0
-2,51974710627157    0,474650781923294    0
-0,171257695764401    2,03148432333476    0
-0,184706562819514    2,48090865904508    0
-3,43983185512625    1,35325200231658E-19    0
-3,55236652321292    -4,27832076843839    0
3,29840822803887E-35    7,58008736640273E-05    0
4,16687193682608    2,72956066019542E-308    0
0,783472696041933    4,9942919967227    0
4,13324486558368    -3,50274726452639E-310    0
1,31754714554723E-38    -1,02781064647031E-270    0
-2,37351165168851    -2,39553748312834E-19    0
-4,31550195529693    3,416651636902E-77    0
-3,54656570139451    -2,30126130420248    0
-1,87786227835349E-154    2,28263177316758    0
-1,2212136527227E-19    1,25600955072912    0
0,912225647574929    0,763925132596338    0
4,26246659991955    -1,26802251500503    0
3,43982718500501    -3,18024222191631    0
-2,42931304336065    -3,16821075305801    0
2,51976254114968    -2,16198920984649E-77    0
2,21120751772668    1,25600955072911    0
-7,77293600268986E-39    -1,24219954948609E-19    0
-7,25921104282934E-39    -1,88567648817386    0
-4,52699848203852    4,46610166137731    0
2,51925537543211E-154    -1,85307757457485    0
0,907033815424156    3,98772908541417E-75    0
1,6675272945488    -4,54398668609608    0
2,34789279814034E-309    -3,56923893748932    0
4,46012661547842    3,04145371767485    0
2,34805995355175E-309    -3,37002374304861    0
-2,43664238038481    -4,7722735496307    0
0,403760291270737    -2,52569616941773    0
2,64699677091391    -1,28160349739456    0
-0,819205950442761    0,0204040228929643    0
2,64308122864735    3,06320736329524    0
-3,8918514172043    1,77311417049899E-19    0
-0,781860987879365    0,93613385059794    0
-0,0114202764299337    2,27199330741738    0
2,38967305017022    -1,85328092046093    0
-0,662177734531017    -1,26592275386852E-19    0
1,79926153716367E-154    -1,20840574100793    0
-2,75682090705549    -6,2160488517903E-10    0
0,633626692946422    4,51682816237063    0
2,15521448626595E-154    -1,20084397891769    0
-0,785766977812243    2,86164912411817    0
-3,56494003890849E-59    -4,81585267926317    0
-1,02557799012315    -0,577378187846305    0
-3,55601371455966E-59    -4,82213468449144    0
-3,99646841066612    3,06307636016707    0
-0,543268688379754    2,30952140232961    0
0,228348139480641    -1,81796042876539    0
3,13091009750469    -3,87765457246894    0
6,80542994414703E-78    -1,18169310367696    0
-2,17460753059622E-154    -0,592786829839844    0
-3,69247386851363E-154    1,96220117333555E-77    0
-0,223774913057119    3,69220246034311    0
3,78698387592425    -4,25826578049958    0
-0,449900596959971    -3,35495262842488    0
1,06949642247613    -2,35963805013037    0
0,0801894575365709    0,00859873797045509    0
1,8518081091477E-77    3,27361042098131    0
-0,662110967747324    0,538394045087066    0
-6,13931523018947E-10    2,84934725296571    0
-2,65205360035103E-73    -3,27050301422355    0
2,22863291261188    -1,95866909349606E-77    0
-2,17522834720524E-154    -3,26791359682231    0
0,303926139745827    0,480583480317418    0
1,97839013566414E-77    2,66433338790998    0
-3,56148428937452    -0,42280209200559    0
-2,09821754573889E-154    -2,66433335769992    0
-3,61475250063287    -1,52849202662364E-154    0
3,62699135054027E-154    0,480416666327502    0
-2,30896781569568    -1,54429123169903E-19    0
2,64057017982624E-154    -2,892257030451E-154    0
-2,22863273545493    4,78740202717932    0
-2,65627633403836E-154    1,51301370420203    0
2,44905876999608E-154    1,57269928973508E-308    0
4,67099712937902    -1,17646124304112    0
-4,59829232465597    -0,424428365869207    0
-2,45599523607581    -2,86937346345666    0
-2,23044004561887    -4,78740201897123    0
1,99213813945893E-154    -4,25275925682148E-05    0
3,15628569843755    -0,794413501405093    0
0,126566022570167    0,288363467429499    0
-6,04660654476302E-10    -0,288165549161163    0
-4,59828999976005    0,456023100626666    0
6,04662949390055E-10    0,479279609389206    0
-1,52201343080242E-154    2,81357915225945E-118    0
2,90443306108087E-154    -3,52924334282487    0
-1,51002404662061E-154    0,409197474199031    0
-0,527131019386923    1,992643684117    0
1,20593349272662    -0,189767285041581    0
-1,83483158768225E-154    4,4888157371101    0
2,39181378269187    -0,250402032186007    0
3,51340797067142    -4,34569770906427    0
1,05716020322908    0,42249287337501    0
4,92025255556635    0,0116194811413708    0
-1,25487972251147E-38    -1,68875194955838E-76    0
-2,67813714973234    0,639822064762854    0
3,35531174326193    -1,14314333076644    0
3,51983307384559    -4,35914348319986    0
-1,98508902420884E-19    -4,18437819701285E-77    0
2,67813548756212    4,8448200748419    0
1,53958375608854E-308    4,1836057359455E-77    0
0,00911392143006486    -0,23931795576217    0
-1,26719440132533E-38    -3,74451314784905    0
-0,00912454584193098    1,03247856447772    0
1,98486299896097E-19    3,48680112381863    0
-4,488823796145E-309    -0,271713753001569    0
-3,898728855889    3,03251313170248    0
0,669566280843052    4,19237609449419    0
-2,85896174375928    -9,62601339105794E-39    0
-3,97268216265319    1,39755846908762    0
-3,52959027769818    0,733609550026635    0
-1,99545103214969    3,25642492994902    0
3,52959027769818    1,12853106007477E-09    0
-1,52222822569419    0,298717001563039    0
2,33562365126639    1,63778136532652    0
0,424371738392859    -2,37725453959787E-75    0
3,43868792915647    1,31389829974627    0
-1,61198944152796    -0,422296111412564    0
-3,11491797752827    0,0159718698957071    0
-2,73222025994986    -3,04081154422178    0
-2,85783521093753    9,98281035310396E-39    0
-1,22278475786422    1,53259960772206    0
2,87694276959589E-154    1,00029291864498    0
2,93613368083543    1,70583185242824    0
-2,87267878164629    -0,43727275857892    0
-3,4386879293575    -1,26453527781162    0
4,1690228918701E-05    7,58252772975155E-10    0
4,92418578592005    0,01785313541515    0
2,50517929129586    -4,96322470764061E-05    0
2,51520972704217    0,359675226250056    0
-0,247631721531465    -1,99909023520272    0
-2,99055247538075    -1,18535378315016    0
4,37737204363938    -3,04781735468913    0
-3,96208869459738    2,20683678272499    0
-3,43868939505433    2,86614959203234E-154    0
-0,0694236687514318    -1,74519871650941    0
1,61255431969589    1,66409897921129E-19    0
1,72186877425848    -0,397768442612937    0
3,76502990475788    -2,31454874571938E-30    0
-4,65672815551112    2,98397174748579    0
-0,939160960186868    -1,36263035786173    0
4,65672815551086    2,09196250641502    0
3,41645580464182    0,441535628919575    0
-2,06803906736103    2,4102951828785E-154    0
-4,95955741496736    -1,1958088122305E-19    0
-3,50689783948931    -4,72601893369652    0
2,6918108172575E-308    0,236086676386749    0
0,287060509762527    -4,04549939513463    0
0,213573139360517    0,732274002208475    0
0,807444975578627    -0,77000383657669    0
-1,53636669995727    1,16586819605884    0
-0,287023253585485    -4,4339021243046    0
1,98988994661887    1,45671966044418    0
-3,44909251757462    -6,49994102424081E-05    0
-5,48538023081016E-10    -0,827445544222109    0
1,77159740918262    -2,038614024737    0
4,44939760301539    -8,1871762864519E-34    0
1,59825756543259    4,2598013490234    0
-1,90622399147115E-154    -7,31849172572749E-39    0
-0,642684724652901    -4,40871764761895    0
-2,71250326079899    1,43824698893586    0
-3,54451694921608    1,72375551272359    0
-1,75714992492106E-154    -3,51146942346704E-154    0
-2,15858033525904    6,49994390466849E-05    0
-7,33111095776959E-39    -4,89502205089435    0
3,54417754264996    1,13405502772104E-19    0
-1,07092363076442E-09    2,37512684183966    0
-0,705928147067925    -0,0163421457936783    0
-3,15710946643657    -3,47345229167186    0
1,78687932611556E-09    3,12745334892285    0
7,2851408615043E-155    -1,37959242862764E-38    0
5,32547513707059E-10    2,5905424997071    0
-4,69241237823407    -4,11972671240555    0
-0,308500505386769    -0,0751025955965469    0
-2,21262594364106    9,18362437709573E-39    0
3,15530121007715    0,876318718132527    0
4,73412250217359    -0,0183380990955763    0
-9,77228712555183E-10    3,09912733948969E-18    0
-1,57643708365423    1,29433777760634    0
0,0164373678091505    1,04578714701257    0
1,0359553306686E-09    -5,05685406025651E-10    0
-9,77131104712585E-10    -1,75180363783231    0
-1,76296789476588E-154    -0,76623868931522    0
2,50391158780602E-290    4,23010271938061    0
-6,82070495677506E-15    3,14120454362385    0
-1,59507582737209    -0,0169687643894576    0
0,243888471107392    -0,484525153553335    0
0,240196005650394    9,76062805648269E-57    0
2,21337370681765    -1,14840774541204E-38    0
5,10391662957361E-10    -9,76058452925468E-57    0
-2,83971535714832    -2,10108409398235    0
-1,79238857157282E-19    -3,05242895543218E-10    0
-4,41401041284352    -4,10259988985668    0
-1,45063340907241    -0,914533611347216    0
-2,88330054380276    -1,95612624212645    0
3,97934736613482E-05    -3,03511895051916    0
-2,10320387367231    1,67432442112134E-19    0
1,45010219255933    -3,73772928898117    0
-2,10320383610719    -1,67432442112134E-19    0
1,91817984953483    -2,12083717920871E-19    0
0,749446252768125    -6,03804969829505E-05    0
1,45010218820561    4,10259988402586    0
-1,52956787745958E-19    1,65490468808212    0
0,862434585091854    -2,68118857785566E-154    0
-3,88258137585745E-07    -0,955428339520203    0
0,59082377888966    -0,835429781992641    0
0,959250421074207    -1,66597801158628E-08    0
2,26391247662737    -3,14400029082243E-77    0
1,72970080396827E-154    4,09657334401113    0
-3,55573912400452    0,302418546476219    0
0,449015565892712    2,93602067770003E-154    0
-3,52103153640452    -1,70923262016368    0
1,44932323655801    2,87287741791254    0
1,44255038446068E-38    2,90850949812902    0
7,53284457780168E-05    -1,39689367276636    0
2,07154060218111    -4,83950602907455    0
-0,850973482142642    -1,72118089391372    0
0,131982427534374    -1,42979427249474    0
-1,13075060414511    -1,14913866223288    0
1,25538451342846E-38    3,31053247555883    0
-1,00591867976166    0,668574050796851    0
0,131982427548704    -0,656283662754871    0
1,19769680648481    -0,181309184681232    0
0,898871210978234    3,04689861243275    0
8,57231428895322E-07    -7,95125014221641E-154    0
0,131982427544838    2,33885566694187E-77    0
3,53052497713576    0,302469126778488    0
3,66330284990577    -9,78349222202066E-174    0
1,7297007910421E-154    3,02581891102975    0
-2,47862579765665    2,51243470125861    0
2,50823863324258E-77    3,93737035288353    0
0,63180711753729    1,04275881433392E-19    0
-3,78043244074399    2,30560083282433    0
0,154550953325246    3,00429315460175    0
-1,99186907706403E-77    -2,06365579969459    0
-0,631657532527524    2,48581320395519E-20    0
3,74633940290401    3,0400574730074    0
-1,11397453668223    2,07459812274301    0
-2,27583606198378    1,20204021414896    0
-0,313021915644883    0,366116936954724    0
-2,67075521328322E-19    4,43977576414829E-154    0
1,5160374347    0,837386536331068    0
0,636419563384923    -4,21677796133643    0
-1,80167237799876    -2,13002411668869E-154    0
2,91908673845189    0,729708409654482    0
1,79561864227032    -0,854842902461765    0
1,75115851040217    0,854935428075943    0
-1,42937988807884    0,258854801720758    0
1,07221032241212    0,247509398147233    0
0,93447763697306    1,10796443594462E-19    0
-1,08710220576143    0,868986721554295    0
1,51855405487898E-19    -1,53806286848285    0
-0,837937533057363    -2,09840040777645E-154    0
3,5913140741835    0,139127074602965    0
-4,40994443317544    -2,0864212734044    0
-4,98608627416183    4,953844249227    0
4,80218102841422    3,37416109059862    0
2,27582782539738E-37    2,51663906821865E-154    0
-3,81121226144406    3,05936378284913    0
0,605150632066488    -0,30466589375974    0
-0,0546079439273303    4,42800009416524    0
0,325422908039241    -0,628922161339765    0
1,39225171043635    -2,06235757077223    0
-0,571198618614548    0,837069381006938    0
2,91908692597932    -1,40264442925505    0
2,08548519937072E-154    -0,651417576057378    0
1,13009090089274E-19    4,68097839729121    0
4,21329395133337    -0,97083627819248    0
-1,82763003337771    -2,45519119904813    0
6,41544375046419E-05    5,10820994749865E-10    0
-1,66934483063843    -0,209269548282101    0
-2,490970933573    1,65465385541069    0
4,16929952075236    1,58419056600438    0
2,62170208745156E-19    0,653781989545159    0
3,22442511979822    -2,04454324289231E-15    0
0,000896264673014298    4,3001201290795    0
1,26285890277336E-75    -1,56642488405879E-19    0
-0,454408335179587    -0,5177552101431    0
-4,77543704201255    1,7688557243953    0
3,09481174601346    -4,85648777479098    0
0,332043642805859    2,54205905613599    0
2,2030555744746E-19    0,0204296714704957    0
4,23962760747433    -2,04379667306061E-15    0
0,135075117923641    -1,51946372933106    0
-4,17157542168062E-77    0,104926299226116    0
2,16364513784208    -2,46270747360919E-154    0
1,58096029518453    1,14529480720256    0
2,3935533984951    0,167431336360786    0
-0,210762135926899    -2,04417457662149E-15    0
-4,42761589577209    2,50235990794303    0
-1,15891729480496E-308    -6,71756548666214E-10    0
-1,96236676395051    2,09918818568747    0
-4,19124445677327    -0,0204221559690021    0
4,17495465709426    2,62970121534957    0
-3,04918799944624E-154    -2,49127799830134    0
1,39230026186554    1,39462147205818    0
1,11691624767434E-308    -1,16091983763879    0
4,16044856175074    3,87971397558207    0
3,70139636959949    -1,19892797132648E-38    0
-0,838105531388132    4,84869283250763E-20    0
4,46544353194113E-309    0,270746261228043    0
-0,15358967835575    0,138277703690989    0
-2,19890289835514E-154    -7,4814315881426E-39    0
0,227689186855008    1,94482439632088    0
2,44815287289766    6,97457843220185E-309    0
-0,227689186864402    -1,94482439632127    0
-0,624341203402939    4,84914116528344E-20    0
1,39224062224028    2,28817785937605    0
4,94723605920898    -3,11464334685377    0
0,69895655647803    -4,58544998704728    0
1,63893971701236    -1,26367684829755E-154    0
5,57023548130067E-10    7,32990153565652E-146    0
3,9268684056247    3,46265131379609E-77    0
1,30185404989513E-19    -3,32111248791808    0
1,64458551753526    2,41369651662364E-309    0
0,181590594533119    1,73885433612684    0
2,89747046678002    0,43176597704406    0
4,92837734982761    4,18958850443869    0
3,13887613738833    4,07635574876328    0
-2,71704646444467E-154    2,29767498791807    0
2,2371867333496E-236    3,48424876503842    0
-0,181343388907788    0,308607251077671    0
-3,07675070603063    0,132306697326833    0
4,49818574787933    2,72899475573191E-10    0
3,92302924969944    2,38545699854635    0
0,0142303259793764    0,308725808999978    0
1,37804583575596E-38    -0,93426210616338    0
4,49818574788411    2,46294561448979E-10    0
-4,68641553984145    0,082911035103972    0
-3,86216565448337    1,47317259203937    0
0,866431363796086    0,247616767435889    0
1,98834470855491E-36    1,17854363767712    0
-0,678968476926799    3,93995357860809    0
-1,29660747981656E-19    -4,17670988332283    0
-3,37475806039612    -0,0106075103638335    0
-0,955924878807701    -3,4914823520388E-05    0
1,88954619855439E-154    -1,0411358743068    0
2,10175663357098E-308    1,4630996899754    0
2,51961812727135    -4,57871969448766    0
-1,42480077403497    -3,71730890541424    0
0,913886168778517    -0,709655520533222    0
-0,568666837021283    0,180429244329167    0
0,175848854438627    1,19981406469806    0
2,54383874942725    -7,60429245866114E-39    0
-3,07368662708198    1,20142068104952    0
-0,299120096574123    0,0828168661971821    0
4,88991790155404    -0,327350634912837    0
-0,948609692544498    -3,49150923864401E-05    0
-5,63948665719619E-59    -6,02202185108454E-10    0
-2,8091839884215E-19    0,0829997944517334    0
-4,18189549331482    4,38926721876378    0
2,59101490451371    -0,46151142806601    0
3,29700060585786    0,0100882346848272    0
-1,6933440174506    0,427976531136358    0
4,03358289430553    2,38129598170648E-19    0
1,99482618691159    1,19998088773526    0
3,09093442069212    -0,493053489389504    0
1,72846115973243    5,22432289239289E-05    0
2,20771058647097    1,10472642377351E-308    0
-2,14316687678182    1,54666132132828    0
1,5956411531415E-20    -1,02229316465088    0
0,963863662614762    2,0040589855527    0
-2,19799773478906E-19    3,37950656373464    0
-8,89642067499702E-39    3,73888156373464    0
3,70700271611441    -2,22791464980128E-308    0
-0,956040581972736    -2,56803070222661    0
2,34105261250572    -0,211514135749888    0
-2,2492798017751E-18    9,71348865262918E-39    0
-1,78708085709494    2,52459638424774E-05    0
0,0304767763820513    2,78946838785317E-154    0
-4,54906167441837    -2,75043341475916    0
5,38610585815288E-10    1,22248865596445    0
1,01194433677579E-38    -0,0851760046895016    0
0,50023450772289    -2,59896535755157E-19    0
-0,153876924450737    3,98497557404446    0
-0,00213178883394967    4,89369764299976    0
1,53439591829956E-19    -1,51108120891959E-154    0
4,5718595257948    0,979773833407785    0
-4,75026454299237    -0,447891768404512    0
-0,220347864190279    0,564811167404657    0
-0,376976596049702    7,63242063935395E-309    0
0,958964520114924    3,05021603836517    0
4,78791438759552    3,11612789398344    0
0,279319121166747    -0,564799902611123    0
4,99723293818404    4,2408607291248    0
-0,21032276805971    4,89363007458929    0
1,2791029037311    -1,02106051031566E-299    0
1,40248210437203E-38    -4,22621638804554E-77    0
-6,93896150516495E-05    3,38824890316675    0
-3,0698132505333    3,32287829304401    0
1,26586714030426    4,83869187838528    0
-0,528807106861625    -2,94329026488155E-77    0
1,33215044352903E-38    3,12353750943335    0
-2,70061062777693E-19    -0,408390578212985    0
3,9254541587559E-154    3,4530331839123    0
0,50865858421537    2,59717382378592    0
4,99041217844487    7,63242060440898E-309    0
-8,3208684372993E-39    -0,233625122764028    0
1,47132710350602    -3,3640696620093    0
1,39836040779671E-38    3,84129339007842    0
1,58695877861669E-38    0,576432997695613    0
2,14264587003274E-19    2,29837770270899    0
-3,41347442931409E-77    0,00831191315658374    0
-1,47132689010398    -3,10902874771759    0
1,27910378186387    5,29249979832356E-300    0
1,40882688789845    1,02076279854992E-299    0
-1,27888430516243    2,91909640127827E-77    0
1,27900121848632    1,02076279828946E-299    0
-1,46177624250058    3,36401953427258    0
-2,950018534558    1,4222019894152    0
-1,47411781216141    -1,72286562293075E-19    0
-2,77636222958531    -3,85691983735374    0
1,27900121387649    1,63943501199641E-303    0
-1,27872020477897    2,71072882534758E-308    0
1,27796051750427    -1,64721410884289E-299    0
0,0185394365825244    -4,57933898439183    0
-3,72955604211436E-154    -1,80049458517685E-154    0
0,0185470804280715    -4,82025237551365    0
2,76345527343726    2,61587782254171    0
-1,22783843887636    -3,71435134246821    0
1,8776083756529    -1,33035039358323    0
1,10343017317514    -9,04041955628783E-309    0
-1,53750926444884    -1,62947737454873    0
-1,88477796167714    -2,35697380580603    0
-0,0849305080068376    1,62951142476537    0
2,32489481909461    -1,91638429263056E-19    0
-5,90015204505278E-154    4,53069788063651E-77    0
-0,726020068299417    -0,21371185350691    0
-2,33443515716793    1,10169771651255E-09    0
0,753308145992493    4,62215614780469E-135    0
3,08908016331917    -2,04702151391337E-308    0
1,60636914710449    0,0109881787765082    0
4,99847748782415    -1,70915824656284    0
-3,17732021127703    4,61655635540641E-135    0
-0,00792040666445052    -3,70827641471832    0
-4,31360081303191E-77    -3,95434655027862E-77    0
0,0883206772901954    1,01661941322976E-38    0
-6,00871615477358E-20    4,62926573198561E-135    0
1,08997827118589E-137    2,01033493552331E-19    0
2,39746374726747    -4,66059853666383    0
0,0243532344019562    4,21974155748176E-135    0
-3,36910836093252    -2,67058719313362    0
1,57046865185584    1,51958853897234E-308    0
3,07945743311735    -1,42529972777981E-38    0
-4,84621451229146    -3,17479572004456E-135    0
-1,40416297818244    1,36306590698702    0
1,77140948262756    3,02311195312774    0
-2,44957893502413    0,472157913190513    0
0,996100463905266    -4,63863573133615E-135    0
2,3974637394193    4,66920783061995    0
-0,999702595634104    1,59752083304938E-308    0
-3,87328732131737    -1,89533125931034    0
0,999702595634076    -1,59755266362344E-308    0
2,8199234687816    -0,855558970083323    0
2,53970565625454    -2,46165674038945    0
-1,13703748724562E-38    -1,49051488180399    0
1,41240768684185E-308    0,00897346508258366    0
0,994088247713564    -4,24551241075259    0
-2,37735018606148E-154    -4,24571470649295    0
2,64645330147981    0,855558970079557    0
3,84285698064484    -3,7076633939057    0
2,91593600772012    1,51500073598805    0
0,150134917575061    -4,38165593854659    0
3,71883851919529E-05    3,82665414774169    0
-2,91593600772012    -2,22045651436114    0
2,04137028221248E-60    2,14879840043772    0
2,44616181045305E-154    -3,14958895291704E-116    0
2,91590316489085    -1,51769990893029    0
1,41289025186064E-308    -0,00964573107756796    0
1,80630168981874E-19    -1,34176860576779    0
2,29665453790143E-154    -1,35847729600675    0
-4,2140673562865    3,18395463144488    0
2,83681511624977    -7,93775451769373E-10    0
-0,0122993679201875    -0,220765578780026    0
3,27032213427103    0,215183749338095    0
4,21406833016813    -3,44293998940951    0
0,774176144890437    -1,52361432788849    0
-0,591107856754088    -1,59643654088583    0
-0,344206802802722    -2,09387975636435    0
-3,270322290063    3,23473709629195    0
-1,70250993926126E-232    6,5984687471262E-05    0
-4,11327639625866    9,85037714986443E-309    0
-1,488430647408    -0,0118678027036534    0
-0,884106982941258    0,798775803366113    0
1,01341832658766    2,07090704099783    0
-3,87699700839678    6,74032192660567E-19    0
-3,2572540553426E-154    -1,00684642604487E-09    0
-3,8769970009462    9,21136960948392E-19    0
-0,613076799776441    -1,41412737819075    0
1,95818871739799E-19    2,16804688001243    0
-0,91485929227872    0,595036453592601    0
-4,11327562669967    -1,75986493786791    0
2,2805456781195    2,07090995512546    0
-2,35186129481392    1,08689229603666    0
3,06087906687052    4,49280881882928    0
2,35041545596932    3,21650818440162    0
1,2847442473435E-38    -2,16804611683499    0
-0,00922678602778752    3,64579183313091    0
4,05322532125433    4,32513951282766    0
-2,27375967829133    4,80790942682064    0
-2,55558202754046    1,46546215094598E-19    0
3,20926837008251    4,65396374953253    0
-2,06619681594698    1,34481944439226    0
-4,90773423074042    -6,38899253053576E-309    0
2,1893040197829    -0,874945021198757    0
0,167018718313062    4,47913321071913    0
-4,05701223716932    2,49162363510837    0
1,70574132665328    3,6896425842737    0
-3,65066947219925    -3,00193839411758    0
0,435171630598379    3,20976031074633    0
-2,19120823092103    -0,428339576058046    0
2,33624163027656    -3,21052889524949    0
-3,45386386345087    -9,50006369508811E-10    0
-0,0181428094731232    -2,80660732447257    0
-1,17127169459113    1,80097185988203E-154    0
3,46465017692093E-154    8,55359253541972E-39    0
2,26828156928474    -2,22296348458763    0
-3,65071140429499    -0,874955663886008    0
2,50819859024947    -4,2857699394292    0
3,43169436022134    4,1728359762301    0
4,6445592258343    -0,458076553272065    0
2,2181374536039    4,4329553094846    0
4,90777895898202    0,852641566577858    0
-1,04656968515351    -3,20986422941123    0
-4,11708259913935    2,94954943657115    0
7,37300794894626E-39    4,15555304378339    0
3,88868586313216    -1,92511469072721    0
-3,65071369111821    1,11723794671362    0
-2,44731293995325    0,161679154164851    0
-2,51014675361127    -4,55589314900536    0
-2,23187494914457E-19    4,42111316323667    0
-0,147552586486692    2,40433452495461    0
2,54123892989163    1,37461437037285    0
4,26953433007566    5,24042666228796E-05    0
-0,912667387412057    2,48850891819329    0
-4,27000728208425    -3,1032640166485E-77    0
-1,71630799210285E-19    4,82410548311599    0
-2,26797821755489    4,84330016952276    0
-2,13476706445467    -4,4267859120978    0
0,592991620716924    2,60014492052008E-19    0
1,11443735741942    -9,18123503511747E-10    0
-2,54417206046366    -3,40475748007779E-77    0
2,38671894451837    -3,59552317855546    0
1,14738198945459    -4,17762907183619    0
1,52447014569285    3,20179627155641    0
-3,387870207608E-154    0,768595193139409    0
4,91923944089344    2,21747137429182    0
1,44563454327811E-38    2,41741059133539    0
3,67393983000607    2,1216544232183E-19    0
4,63916778895855    9,47143863977208E-39    0
-2,54693290210303E-308    2,78179619526533    0
1,90840995717235    -1,11064987299383    0
0,14222687528849    1,53539289765512E-154    0
2,1640348448199    -1,51141010383117E-19    0
-4,11713827216276    3,89490256029248    0
4,55297643040683    -1,30847887419062E-38    0
4,15997007356955    -3,22613214574258    0
4,00716556659165    1,43083359859941    0
-3,80999976713676    -5,1764012309687E-05    0
2,30765152142544    0,157467577802851    0
2,80649321876915    -4,32987414442969    0
1,70084449510755    -3,62298593196083    0
-3,72934450187778    1,38304076486819    0
4,23286500017753E-77    -3,01872203024902    0
-1,2222812104545E-38    -0,669001520152898    0
1,2509846909818E-19    -4,8984877456855    0
2,77878640591362    0,0553529314023224    0
-3,55413772916577E-77    -1,71710155940596    0
6,69675254511217E-39    -1,67313803763749    0
4,40009573059272    0,15793797207574    0
2,96152094232773E-154    0,0134524472531554    0
-2,23591464748116    0,0120218587163929    0
0,314863292692325    1,6731380326598    0
-0,405236380148014    -0,723546408116775    0
-4,5935437709979    3,36781422495686    0
0,180868484175678    0,669343043330758    0
2,12571015638556    -4,0115440552405    0
1,13048903853887    1,68044356451426    0
1,20095856375356E-38    0,98768843401372    0
2,79346070067458E-19    3,35909505284665    0
-3,89766147316877    3,88825025016637    0
4,90107612471942    3,96051582752244    0
-3,8086141363192    0,84483694308104    0
-2,99828276563136    2,5849997585623    0
-0,952842968462419    2,4528990109395    0
2,7463932982662    1,08348274328465    0
1,32879654395384E-38    0,493844367589557    0
0,577657942085628    4,16159922683686    0
4,3646077017135    2,26824575066067E-308    0
4,83585037283233    0,706347253036848    0
-3,72373733733447E-154    2,14791927454533    0
0,740515334503271    -3,41913736510888    0
1,83715219699276    0,413763688408697    0
0,324810663267387    -0,254832715209749    0
1,33342800998614E-38    0,312029410554377    0
-0,127242129961777    -0,254832715209127    0
1,33333987710054E-38    0,493844319548005    0
-0,180868484763956    0,669343137781592    0
-3,4200217511265    -3,4182485453555    0
-0,180868484188744    0,669343137927307    0
-1,65872000002502    0,680302952410765    0
-3,75027559892494    2,1417628970274E-38    0
-1,83066951730788E-19    2,21517832922593E-77    0
-7,62092698215263E-05    0,641249739789996    0
-2,96882160945703E-154    4,94804104661269    0
-4,0273878379042    1,19261252050875    0
1,65838129704165    3,58852675901435    0
4,80868552336874    0,0938405601711901    0
-3,68283986983877    -0,278592072671019    0
-1,65838033648641    3,54470874004518    0
0,30017816927412    -4,59903670060664    0
-0,546007814064236    1,76449105587095E-37    0
-0,325978521875096    4,60072958000417    0
3,18403125625695    2,01012251050991E-77    0
1,32653405752091    -1,65678671216741E-308    0
1,65993688845482    3,54362528313174    0
-0,17079286189359    3,27651504174688    0
-3,88995211736037    2,76084285541451    0
4,30378006578279E-77    -1,06443877019524    0
-4,03750326871827    0,674968820783082    0
1,35253549066667E-38    0,490809111958805    0
-4,88119207651761    4,59884144574274    0
-4,3432899594437    2,73825257828891    0
-1,43932044850875E-38    -3,28122979162677    0
4,20167971365232    3,75265772239945    0
3,12647462245116    -1,28950156816136    0
-4,25842912792239E-77    2,37041093688639E-77    0
0,413388640346652    2,41402125080057    0
-0,271378962426225    0,0111257475931185    0
4,81429793647089    4,90676362994427    0
-2,53704124015618    -1,53257901387034E-19    0
6,52641024819109E-05    7,13827065852869E-05    0
-2,53810747522677    -2,36240221093604E-77    0
-3,19437588578514E-154    0,146191776012664    0
-3,38238876442062    1,8360057460166    0
4,60111575766134    -8,23997434795702E-10    0
-2,53810745815814    2,36196528960037E-77    0
-4,04453527137848    3,61583440392642    0
4,31008002266698    2,21530000882226    0
-2,53209350410499    -2,09287403666097E-19    0
-2,2614601288277    4,67878970335759E-05    0
-1,73063972820281    -3,54598869008659    0
-1,72214734565844E-14    3,05474084269746E-77    0
-4,31008004694729    0,272976032119661    0
-2,73603414081564    2,7488581053707    0
-4,93341830463966E-05    4,1886409587804E-05    0
-3,06180506390021    7,10705327280422E-05    0
-2,10508127626543    5,98917161725846E-05    0
2,07379741402167    1,34174976181465    0
2,79085110210514    -0,0367766566835947    0
-3,05636461222897    7,4007571633835E-05    0
-4,3100754026003    0,0699481043280812    0
3,06180435436106    7,1070558985414E-05    0
-4,27974557699741    2,09277456665454E-19    0
-2,1202461663823    1,52485110483617E-19    0
-3,85859316615788    0,0857603448691688    0
-1,02568646368894    8,47677800450365E-39    0
-3,88098749689241    1,88308851278219    0
-3,05817241549134    5,17452544802199E-05    0
-3,12026724003025E-77    1,57604070194333    0
3,8728302511223    -3,01857838227748E-154    0
4,09208694418898    -6,81358732837307E-39    0
3,06180436030671    -3,0185783823052E-154    0
2,76676066581475    -0,58002608178228    0
6,56630122686609E-39    -5,4906738171993E-05    0
2,95148777345199    0,0837348018563377    0
3,07352805653285    2,58498479499714    0
2,68429682565591E-307    -2,15480249578696    0
-3,06009274863316    0,0715051144098814    0
-4,61105072791849    4,13715808201976    0
-3,09399555160506E-77    3,5378161739948E-05    0
-4,35502607811011    -3,46358390138567E-19    0
0,0161057794233396    -0,0715051144048394    0
4,93360942257004E-05    1,26346361183643    0
-3,05371175353352E-77    -3,53781617399452E-05    0
2,73562423779425    1,16084983150146    0
-2,33851487149319    -4,45156643886549    0
4,61106530780133    4,91190468422617    0
-2,76868750391096    1,76804292882469    0
-3,60542917613256    -4,87874187523441    0
-4,2970517926688    -4,72900285558144    0
4,61106630329678    4,91190471916127    0
-3,62996226034393    2,00087047762537    0
-1,23631164511036E-19    -0,0130852635318526    0
3,29084646774903    -2,05901737163097    0
-1,93971656142786E-308    -0,722032429160272    0
-3,55562117349151    -7,49496980258745E-05    0
0,0326184439624742    -0,162065767147376    0
1,14140263548197    0,0652946980246276    0
-0,0043983873090324    0,346858651138037    0
3,32357015857671    -2,835234816102E-154    0
-4,53626675604048    1,17882978724389E-38    0
-6,446352936188E-10    2,35290405682898    0
-1,83020706141408    0,34685895132282    0
-1,0284193591971    0,0652337301372962    0
-3,80624218549626    -6,0315102579813E-10    0
6,44635298150379E-10    -2,90956184933763    0
2,17660417683429    -1,02203871054958    0
4,13579592441013    -6,13970159435603E-39    0
-1,03720500076727E-38    2,00184510561627    0
-3,52942208704671    -4,21200048838076    0
1,03720504496525E-38    -2,80244258595745    0
2,51681196326645E-96    -4,15077732596345E-77    0
-1,1234507638203E-38    -0,653521852310129    0
-4,5324769725508    1,88554669024208    0
1,25466913127033E-09    -2,80158265615865    0
2,3511358957971E-19    -0,336529270733385    0
-4,012043169731E-154    -3,22383439452879    0
-3,93963521131958    -4,02882079967685E-77    0
3,5164608231816    -2,47374296690631    0
-3,68663820376929    4,39396713352354E-05    0
-1,20139850050524    -0,0650676296284038    0
-0,282930814535951    1,40671666827264    0
-1,52587658563902    4,49062635889492    0
2,63404768781459    5,59707037339253E-145    0
-3,54449667175198    2,96327926483093    0
-4,02030573022688E-154    -0,25196972552182    0
2,20317923751366    -2,47374251998449    0
0,380576672380716    4,05225185086609E-05    0
2,59497794379036E-154    -4,0315156103755    0
2,20318406224837    -0,210255394267578    0
-0,924442079791403    -2,76478369045352E-308    0
-0,28244236312805    -0,0183135909229374    0
0,0477868016100427    1,40671666816586    0
-4,51441025710396    -2,78068163464206    0
-3,7313251176184    -1,44702773124539E-19    0
-0,283294097608395    0,716040509369491    0
-3,90685902342716E-77    -4,92179665269961    0
2,26254243303616    2,44892516032394    0
-4,19033553646423    -4,68159952666826E-05    0
-1,81921710577659    1,1238902518414    0
-1,23866065692885    1,43271189852064E-38    0
-1,08668107357173    -2,67700696544105E-19    0
1,588759982815    0,992067867306226    0
3,69709647676044    2,42730022663859    0
4,91477675259198    -3,88819500047008    0
0,612540671421467    2,42748742104689    0
3,54836214752034    1,5794121459584    0
1,97337039675967    -3,06647975812851    0
2,25868913265298    9,86353561255124E-39    0
1,97325472569523    3,89459822275425    0
3,93935595561615    2,44885556788586    0
-0,0411295200300947    -1,62851425663005    0
3,64477526183584    4,12762647242371E-77    0
-4,45189672031053    -0,223439226496703    0
1,05614933068989E-308    -8,16117900793833E-39    0
-4,37886968956074    0,223438966233179    0
4,50702563705995    4,64470707000795    0
7,85413446826187E-39    1,74514780347461    0
2,48852526186431    0,421279402334474    0
-2,44802720586691    -2,44885541030308    0
-2,2054111371861E-154    -2,56902893891978    0
1,54682308511684E-308    4,97816704090112    0
3,71543663718874E-154    -8,17232714141412E-39    0
1,97063906442869    2,39691661290564E-34    0
4,97686556745667    -0,842558701283084    0
2,7969684722659    4,97816806458949    0
-0,851222219131449    -1,44378460152513    0
8,8179692722272E-10    1,98981296801861    0
-2,55701803129666E-308    3,65339256614296    0
-1,55790064882923    -3,64952537504856    0
-4,46142289586846    0,228096654694505    0
-4,24133660851604    -2,92357202609238    0
2,97171767076928E-155    0,538765651033803    0
-2,44738859819155    -4,3764855730151    0
2,96348421547803    0,172411190874535    0
1,88774630748096    3,38220847080876    0
-2,3216365591258    -0,983649255567831    0
1,70126086033135    3,19527582935187    0
-3,23525329558708    -0,68964476497505    0
2,68753758005241    1,18338398263425E-77    0
-0,844492463322586    -2,05963042258244    0
-2,16527400100026    -3,89434960918746    0
1,96478791500205    -1,49649631100526    0
2,35551215701528    -2,48922371303356    0
-0,844492486057156    -2,43670624567906    0
8,89584039708773E-155    -3,12913646528536    0
-3,44836515102662    -0,0214403006348018    0
2,03918157817531    -5,54406108581303E-10    0
-1,55753051851205E-77    -3,53227548109895    0
-0,0246597498173472    -0,128431584765913    0
-3,43761385269077    2,09756088945897    0
-3,16959173628482    9,67726458566814E-39    0
2,73070512423529    -0,6253854884473    0
-3,44836512362665    -4,96381923554643    0
-2,64702091553343    -2,58558637815788    0
-2,59013022233704    -1,04078223829107E-38    0
2,64664973402867    -2,5855742650277    0
-2,9572735724743    3,15783484448177E-05    0
4,04220501258085    3,68495155523915    0
-4,22384773055532    -4,94192089417213    0
-3,39527229308469E-77    -2,64144498047989E-154    0
4,82472641945954    4,93391489129198    0
1,53476201752066    6,30892331035531E-05    0
0,0323335155771489    6,31246766799138E-05    0
7,08042670560072E-159    -2,4611659972489    0
-4,94147812822765    -4,95984835298631    0
2,29204904447116    -2,58273625899986E-19    0
1,53476194478002    3,58859563343967    0
-6,63229043608255E-05    0,00976914874147959    0
-4,76641268458516    -4,39632159190311    0
-0,914289218082291    1,33945624424467E-34    0
-1,47982363314338E-19    -5,07397264253418E-05    0
-7,6768021455759E-40    -3,44331046028217    0
2,8055895682863    -4,8229015036451    0
4,45415449575332E-309    -1,16280915042108    0
-2,65915471490546    -0,0108744166443938    0
-0,91428900227925    -0,749099184374659    0
2,11492207313749E-75    0,00958369996038583    0
-2,04847569476732    0,00959819899948824    0
2,04846496969167    3,55186549541384    0
0,911530752625098    -0,00413830751212547    0
0,682479940450802    -4,94665070983018    0
-0,0148981130931165    9,85897501100603E-39    0
-2,78539660945432    3,96572398904978    0
-0,575248291983909    1,28047458571719E-38    0
-3,04290804305321    -2,7508551210743    0
3,03318804077088    -1,3036858890799    0
4,34759529170544    0,00973123563532974    0
-2,66782645560987    0,0176551001500193    0
1,89228988618046    4,09053126112446E-232    0
4,89997773783704    2,97100364089163    0
-3,90417872357539    -4,12552946956265    0
2,38103410985244E-77    0,0134888903593549    0
-1,32324983194622    -1,37717518105565E-09    0
2,27506044697723    0,0134645888830878    0
1,00854220189973E-308    -3,20425065283233    0
-3,94780885379194    2,17473051408293E-48    0
4,58552128457945    4,12922259847611    0
-4,81457573556822    -2,34213942012574E-48    0
2,96256051943784    -7,28017487762026E-308    0
-4,35919793279291    1,69693797161565    0
2,76524370896106E-116    -1,92864126922813    0
-0,072316985102755    -1,08226419404725E-29    0
-2,44707330730386    -0,0644803474590481    0
0,286896965615828    -3,26651785268989E-05    0
4,34627110147368    0,158306409097106    0
0,723499380574962    2,46556373942138E-308    0
-4,48164327868831    1,36295360778876E-09    0
3,15587949975878    2,09434036608688    0
-0,0383828297707532    1,54950258633628E-48    0
0,0836928816002159    -1,94190924500059    0
-3,83082924847837E-39    -3,8132305203459    0
4,36186457733389    -0,61368631327865    0
-2,44759162634372    -3,64113382932017    0
-4,11026259766542    2,14247399249173    0
1,18144390402895    -4,75542922115427    0
4,71247393511251    0,613686813526837    0
1,56766468521587    -6,14638850026976E-05    0
-2,6229625748507    1,84586473189188E-308    0
-0,0162174561030982    -2,62727078347823E-39    0
-4,14565873998363    4,70639395692949    0
4,00312650237488E-77    -3,43182542247857E-77    0
-2,32974592112688E-07    -3,11749838789825E-29    0
-0,0162174561049925    -2,62727970428799E-39    0
1,88114226607955E-19    -1,91353774395614    0
3,52100720764022E-77    -6,48866864928608E-10    0
1,42663869791566    -1,78803918931022    0
-4,00358432031481E-77    1,39440938283632E-38    0
0,257635747554889    -4,93984286203238    0
0,608715371061317    2,51764730052268    0
0,262919012852268    -4,02809716577312    0
-2,78675747201617    -1,02233722921491    0
-0,401694729092624    -1,93584102714108    0
0,607514470224627    -2,57433684707473    0
-1,56330021397516    -4,56048710996309    0
-1,0675279239119    1,78791311969352    0
-2,03101653861851    1,29788732887156    0
-0,607514469985153    -4,08679735058012    0
0,0178211598356252    -4,02170778675906    0
4,272008486914    -2,5176475978638    0
-4,89217832679496    3,40709783161705    0
4,51105545270138    -2,96483366017944E-310    0
-4,76493825419718    -3,42455953166641    0
3,8168391393576    -1,24466570733741    0
-4,87951824413399    3,97047093273335    0
-4,23635542870518    -3,25620224794556    0
0,0122763076468777    2,01296670075948    0
4,56221112411691    -2,16415916065573E-38    0
0,117307015783308    -2,6449596544937    0
-4,19911622800493    -2,9941691094118E-309    0
6,22640518496714E-76    2,68645977770333    0
-4,76332735966054    2,48257123835725    0
-1,18151354777704    4,80537974449815    0
3,80301509919746    2,01716374373441    0
-0,409290446305617    0,313949531556084    0
2,14161524399292    3,74732488199468    0
2,82941091035951    2,28115650622237    0
0,55522086911267    0,821596918856516    0
1,88050059065479    4,27929602052234    0
2,12653768364497    2,02385991615416    0
2,09156002383027E-77    -3,79482773313444    0
-3,94923243149302    2,53729622149517    0
1,34842463462312E-145    4,27922267103474    0
4,25299153813343    5,86143972099205E-10    0
1,58612127179642E-19    1,75381444724808    0
1,641962929925    -1,23060935639599    0
2,13318772931601    2,17682393765361    0
1,88085833075966E-77    -1,67178505439377E-308    0
0,607535378890187    1,89616452608182    0
6,41436325631293E-05    -4,48249015306013    0
-4,01858301052073    -4,80638560364201    0
1,32208864501366E-38    -1,68559147590869E-154    0
-4,01857296979141    2,13619460579097    0
1,43739951552934E-38    -3,67896123747368E-154    0
-0,213687514248484    -2,18835818659982    0
2,45613618824985E-154    3,54295873022467    0
4,0185643690635    -0,141181885808592    0
-2,0314123442925E-154    -4,53432896536202    0
-4,01894207368579    4,55677944902109    0
7,44463019253807E-05    -1,50358805589443    0
-2,72368771661588    1,25531731267092E-38    0
2,54389573705564    -0,727392344599419    0
1,76762275293824    0,660120386472029    0
-1,2887710700187    3,93531174346969E-77    0
-0,0130950568920746    -2,2690071057364    0
-6,227404453753E-10    -3,8277736492376    0
4,43739572954714    2,30204183977326    0
3,49893296107139E-154    2,90621457806108    0
-0,872313640452308    -1,75555281569984    0
-1,78913411736077    1,14912392839026E-231    0
-3,60076690934365    1,64875341888925    0
0,447283226340002    -1,18858328517153E-19    0
-7,23457100939636E-152    0,163373114152406    0
1,22004284500967    -4,06393046930381    0
-2,72368624209875    0,0603009343312371    0
4,89981513933084    1,62210454190355    0
-0,649380557483666    1,75358213006176    0
-2,19189317897529E-77    0,251696236153232    0
4,2706795793028    -0,0114659090248725    0
-0,829589031009804    4,16316256354822E-309    0
-2,68616536000018E-154    2,84269242446996    0
0,589055449881406    2,31086698235519    0
2,14721663722173    2,69920689148644E-231    0
3,41903413062491    2,84269242446448    0
-1,59686924647459    -4,0634530442837    0
-3,41903415114419    6,11321384077975E-05    0
-4,95822529445168    -2,35993544556757    0
3,31835308145671    -0,0163674037605592    0
2,56817227699713E-154    -3,04424665667727    0
3,01032156070171    -1,77485649922924E-77    0
3,98670580189967    1,8676709182874    0
4,43861617214856    7,14333099757994E-10    0
4,2168697721731    -3,72936893800957    0
0,847228597999013    -0,395347727104232    0
-2,88566422311342    -3,42970558298259E-05    0
4,75996678412247    -4,68037395739696    0
-3,01998627905509    -0,7420266141171    0
3,41903306962681    1,29061949054561    0
0,311079619161891    2,31524981350295    0
-4,75829753404686    1,95719882795123    0
1,41796106466264    -0,138723204712952    0
-2,03628976702488    2,21969104461709    0
-2,03593935912287    3,85367570391562    0
0,673954759339781    3,65480585219145E-300    0
4,67168422866876    -5,23214681087762E-10    0
-2,84899779808876E-19    0,901676363265937    0
0,0612865086375083    3,31855753237482    0
6,46455410758144E-39    -0,947802681587268    0
-4,67168132041938    1,67031438377498    0
0,550301858036656    3,64281909070443    0
-4,2169134701526    3,13802255460376    0
-3,58583875353034    -1,17067840451145    0
-4,21691341210508    -3,13805099135177    0
0,908810965833912    3,09535473179283    0
-2,13383668201689    1,93983682162434E-232    0
0,665835186630355    -0,797367734898416    0
0,670017486089497    2,38759069925799    0
1,18379127973918E-308    -2,34535472512098    0
2,14052811699632    -0,451091731389395    0
4,45824241806365    -3,90942840851306    0
-2,49057026764683E-308    -5,66437833625334E-309    0
-3,58760575698112    1,11375004683497    0
-0,511501130763932    -4,38272740978253    0
-4,45824287806525    -2,666183967993E-308    0
2,49057026761685E-308    -3,92695700454645E-309    0
-0,722330960315806    4,02960926598874    0
2,20750748892309    -2,09000939367365    0
-4,45821836835832    -3,1361382787806    0
-4,8522225946022    -8,26410051675673E-223    0
-4,75974728342134    2,09013529780348    0
1,94878321129399E-15    2,01470177392766    0
2,17301540412817    -1,0239286567392    0
-3,88787220180401    8,26019202930191E-223    0
2,17301540412817    1,59101870530373    0
0,211586463378746    1,02410330301796    0
-1,41930967129028E-38    -3,83725194117246    0
-1,52005730561075E-19    -4,09571462695145    0
1,41931068947855E-38    -3,83725194117245    0
4,82052467039704    -1,54730242819712    0
-3,11234412121219E-34    -3,83725194117246    0
-2,2201267941483E-19    -2,1056674945938    0
0,936110755222192    -3,20644142514343    0
3,13975522364325    -4,32753839495317    0
-2,7018251538881    1,10322074259316    0
-1,57105872128071    -0,785377330978111    0
-3,17928388085089E-154    -4,41071624192769    0
-0,0160550056659982    -0,20039986193287    0
-1,96985108906166E-154    -3,8372565517472    0
1,57110536690663    -2,15852806677973    0
0,981533666864375    -3,20644142516527    0
-1,75470827994505    -4,09266286767158    0
-3,3146302418164E-154    4,41379692084111    0
2,55400944489059E-308    -4,19630294804909    0
-3,29605051702633    -0,730240782922162    0
-2,3087752297757    -2,38571904145586E-308    0
-3,31463023840904E-154    -4,41381594312692    0
0,234779042474977    2,14182191971517    0
1,7360481409649    3,58154990738565    0
-0,0159868420503469    2,14182186759436    0
4,57512771107874    -3,61974685685194E-154    0
-4,55808689678154    2,72195112878017E-308    0
-1,36104814621994    -4,91357738376347    0
2,40801703252078    -2,58394262839078    0
-1,46786090614259E-29    -4,42060808162742    0
-2,46541856741357    -4,85713680068315E-10    0
-2,80124860098135    -3,5820219805723    0
-3,27014041052673    -3,67301281624587E-154    0
-2,7671827310535E-77    3,20640937225785    0
-2,2715634090407E-309    -0,109522887493098    0
2,20851196825141E-153    3,24164177856319    0
0,183643654536249    4,41313739786065    0
-1,67208816774519    -1,61176341857775    0
-2,00970932529902E-77    -4,81522660028689    0
1,16135304759962    3,21487873135449    0
-0,573896721069504    -0,0143762203618406    0
3,9851990226307    -6,97158171885917E-155    0
-2,34713107529941    3,69785627329311    0
1,16121362525155    -0,782870760086398    0
-2,42025513701722    -3,58202734057324    0
3,74950614568934    -2,83935155903698    0
7,79340785404413E-164    -0,156034486005899    0
1,03916534503884    -1,25470937772217    0
-7,41637348294025E-05    -0,089183614714874    0
4,28062849903503    -1,1350447974725E-38    0
2,5790461546348    4,43264825055877    0
-4,18177395807345    3,5743559938345    0
-1,22483507421138    -2,72202116124609E-308    0
-1,16131760439782    0,294682594403533    0
0,16715399215703    -2,71102721448896E-308    0
-2,29538551153495    -1,1344942529481E-38    0
-2,29539949947279    1,43395247587934E-19    0
1,14758127273174    -0,99140585755706    0
0,310081234710055    1,00561168861498    0
2,99969284643044    2,26666362473819    0
2,94941012483371    -5,95603895828542E-10    0
-3,64461582381137    -3,40030714973979    0
2,36227844462721    2,38126767692704    0
-3,64461582381141    -3,40020939189062    0
2,9996928464154    -1,85716051123809    0
1,12902473478463    0,0104293565336761    0
1,64967345383691    1,69870517062894    0
4,64935132103112    5,44852437271228E-155    0
4,09081081175962    2,05315319133931    0
3,3692692771365    4,2982443088478E-77    0
1,64956305650468    -1,06074689479993    0
2,25463401514796    3,50143859235532E-77    0
2,80955980592812    -4,06161952190025    0
-4,69708143253671    1,2701059707078    0
-4,02526501055103    -3,71716351474906    0
3,78202695342807    1,31054727032188    0
0,473711441519879    0,0406904096170505    0
2,25802304515034    2,90146564593057E-41    0
0,15434543457428    8,831226944308E-10    0
-0,137456875634668    0,637650883587845    0
1,64476149614767    7,58382513268668E-15    0
3,37302667507042    2,35228028143107E-77    0
3,6688718564119    1,17257611192142    0
-4,64586090783999    2,52790057319595E-154    0
-4,32999559210666    -1,1144245471543E-38    0
2,12948421219377    3,7921877819999    0
4,92711108816965    -4,90673482989391    0
0,81969483095207    3,36090458138339E-77    0
2,24852093340564    -2,83980815386135    0
-1,76938978339051    -1,89971550928435E-154    0
-0,524168070547248    3,80314385826465    0
3,55911127772337E-05    -2,69306383932888    0
2,49852144587936    -1,09900538153903    0
-3,7713562039525    -5,17890200169798E-10    0
0,0655826698769194    -8,58285130013385E-10    0
-1,21772510838699    -7,1252370795302E-145    0
3,15535424241539    4,36095664503771    0
4,08080828798969    -4,6764003595465    0
-3,6495482635915    -3,68186401110284    0
4,85637964049041    -4,25208941009447    0
-0,0662334970833824    4,90673449551785    0
-2,1194678431687    -7,49968914562738E-10    0
3,24444129908821    4,23878096008617    0
0,0171734578856171    8,58285019944382E-10    0
-0,442290804791649    -0,775268986555085    0
2,56160571126342    2,8133228954802    0
-3,35381044657339    1,18287760399654E-308    0
2,56160570928351    3,68435734914305    0
-3,2487180788563    -3,92867245344256    0
0,0795648460766802    -4,45206605253205    0
-1,01616666009584    -3,95671560865545E-154    0
-0,697405214984204    -4,46289210456052    0
2,92694552676272    0,00847514941991809    0
-3,90502193415901    -8,46787107132954E-39    0
-0,786321101358069    2,4142267587568E-19    0
-3,3069412804316    -2,69468929315677    0
-0,0188876038975538    -2,33609265589598    0
-2,55710597203267    -1,83342297910868    0
0,127036843973695    -2,41413922164975E-19    0
3,01874468513021    -0,322225934744266    0
2,11687660715197E-19    1,09766988597347E-19    0
-8,82189364236835E-39    2,04666473446251    0
0,7861284404788    2,26315423083282E-19    0
3,00193484150485    3,90658223020444    0
3,15618694534408    4,08532493933863    0
2,70784229214604    0,017434106101007    0
1,49413189272782    2,07176026506965    0
3,17250505678798    2,63815101789078    0
1,79889909189597    -2,6797820959768    0
1,01502528137567E-38    2,33896579917068    0
-5,67723397975175E-05    -4,72604019569234    0
3,04754558247069    4,08220709487685    0
2,32304068033436E-17    -2,83857284642471    0
-0,707961358497578    2,74351828626521    0
-0,348103771006121    -3,20763907051554    0
3,48838681055343    2,72797953141298    0
2,322870378729E-17    -3,33823974743641    0
-4,69454456324502    1,03823176329924E-09    0
-0,0585304079866819    0,0319091042463156    0
-0,974537709716026    -2,78499191446019    0
-0,0573859854461095    -2,11667677887981E-154    0
-3,83095006266631E-309    -0,690279731273081    0
-0,0573859854461095    -7,36937504680334E-136    0
-3,49039928241575    4,7645974920458    0
-0,0573859972521472    -1,96636572659547E-154    0
-3,45691406096182    2,19005089003639    0
-2,32227017046707E-17    -2,83914395427942    0
1,89105710102736E-19    -1,11309668464091    0
-2,45434805341119    -1,87077384692732E-19    0
-2,30328050544369    -1,04020790609609    0
-1,35293838588767    -1,69201437695511    0
0,0132309716836048    -3,4130321440242E-29    0
-1,46778888835937    -4,22679595475075E-19    0
-3,73074461518735    4,35910324534606    0
-2,98709428334927E-77    2,68613336304982    0
0,446077873562681    -0,35719151764011    0
0,226460246009035    -2,89159312498245    0
2,32230986212868E-17    -3,39039637634999E-29    0
1,89105749597105E-19    -0,813650482247421    0
-0,127334616063772    2,81591172224991    0
-2,28428296084696    2,35303429454227E-77    0
-4,58889854782154    3,51884125197252    0
4,97723954010961    2,6081166568632    0
2,97949176653236    -2,25241350600173E-77    0
0,0580373459757786    -1,75023665435824    0
2,45244366754226E-154    -3,36487419695911E-29    0
-1,38083439617457    4,08737418488864E-58    0
-2,18814298845276    -2,28457857387228    0
-3,34341225137034    0,00455340085963352    0
0,0584722214637164    3,91503640696095E-05    0
1,42260854843695E-29    -6,37646877355445E-05    0
-0,169391469075827    -2,83913242673117    0
-1,83739282498536    -2,01317734815465    0
-4,5084854142929    3,51884125401891    0
-1,16859909085602E-38    2,01087695216165    0
3,53447562003609    -2,82740227304365    0
8,3161727399158E-39    3,52373767280871E-05    0
4,85038807764153    -1,28531151303857    0
-1,12712330355947    0,100515123969174    0
9,23226141077556E-309    -1,61871972608084    0
1,20071975274039E-38    0,249847683883104    0
-1,40972856680071E-19    0,10049463979949    0
-4,31466850948931    4,56658874328636    0
-1,65252058003557    -9,94595206669491E-10    0
-2,33915665279581E-17    2,49108683666731    0
1,49334473811186    3,51884116410602    0
1,713662634936    3,5403314205323    0
-0,87464752221849    0,318529249800268    0
8,20996140541314E-232    0,0381201828271707    0
-4,52843251626087    -4,3389878749667    0
8,20996140541374E-232    -1,73733070340815    0
0,105407148981212    -2,18193238469862    0
2,56327791724505    2,24496580222796    0
0,874647741518999    2,62335932877119    0
-3,28604866176999    -1,11747764281619E-09    0
0,867675267423323    -0,158451028745207    0
4,99951808219807    3,40459085542737    0
2,22633063196036    -2,75635370319409    0
2,33784286849012    7,066458515934E-39    0
0,0690103679466081    -4,04705344446062    0
-2,62593460437615    1,37406906075468    0
-3,33866174721097    4,08821542351071    0
2,72521595928953E-308    2,35527449250799    0
-0,83710004491465    -0,159899971298844    0
9,912272093591E-39    -0,25925711581318    0
9,9123652132013E-39    -0,60178169085247    0
9,91245145979448E-39    -3,52752326453455    0
-2,71857934052968    4,6345301715818    0
-1,51842689445169    1,41386990664067E-19    0
-3,44882171911189    -0,01329973747339    0
-0,109152219711107    4,14811386257492    0
-3,26550396042935E-38    -2,68578277341628    0
1,89011482951645    3,19732239385884    0
4,68240675008411    1,55927199903649E-19    0
4,06486450814244    2,88109545765751    0
-0,889174608611153    2,38063230440096    0
3,75315563229525    8,72470004081359E-309    0
7,95094514931189E-10    -2,46253079967212    0
2,18732419758445    -6,31583889508453E-193    0
-3,43229896816607    -0,193037168797462    0
1,68641720512701    -0,0173785084212812    0
-1,93547761578329    0,189976695312476    0
4,62312102240899    3,09516101491501    0
-3,0220887991401E-77    -1,51686675218719    0
-1,68146315494679    5,74691679126546E-290    0
-2,31678858740107    -2,57758271785051E-19    0
-2,50315562570655    -4,73001437467796    0
-1,92932651631937E-77    1,65175766658485    0
-4,11717164758967    2,88093692729033    0
3,9931914833414    2,8809369235082    0
-0,722072325652907    -4,4093466309004E-308    0
-3,44099148214263    -3,5157711977955E-154    0
-1,70121845528947E-308    -0,568956520568526    0
-3,4411154599681    -3,51577119633167E-154    0
-2,73427490745299E-308    0,508806118893118    0
4,65443264332948E-140    1,62790282153797    0
0,847637725923041    -2,75712227617599    0
4,65484049328087E-140    6,83033028413196E-05    0
-2,24343021826019    -2,9660890867936    0
-3,51053398241554    -0,375070774636798    0
2,30336279548259E-153    -7,27758602432058E-30    0
1,5836418303555    1,10390019572631E-308    0
-4,72990331889502    -2,2318723934363E-308    0
1,10098639294011E-09    -1,23912336911626    0
-1,27263795725699E-289    2,70906471257096    0
2,67822838612296    -4,37838590988028    0
3,3344783861226    1,83098393890907    0
-1,5370953115481    1,00975554250222    0
-2,27010532155172    5,70674714339545E-309    0
2,54588902813657    -7,19468547329371E-05    0
-1,07432416805524    -1,37358927829422E-38    0
-2,2584859967135    -0,486914244896891    0
-3,57180500821756    4,97317377516795    0
-0,695286067422329    -3,62363804870593E-229    0
-1,32770845400421    -1,26116542124989E-291    0
-3,23014756207136    -2,25882993266895    0
3,4323659856617    3,11808552081674    0
-1,04949399124194E-96    -2,33820106522933    0
-3,35182824688948    1,30977543329368E-38    0
-4,39597685613815    2,36158691910258    0
-3,2268287899078    -1,22450106206342E-19    0
3,81612972207673    2,14353917130018    0
3,2301180421243    -2,45425841608111E-308    0
-4,32912069903251    -3,5531533573605    0
2,38377319818229    -2,45425946272698E-308    0
-2,54127387163428    1,19178957185267E-308    0
-1,80655080830923E-19    2,66559178832247    0
-1,43387905838325    -0,073502825141623    0
1,89951234545381E-77    -0,0420753723444817    0
-2,05753251080744    -1,15167598615352    0
-1,80777972703159E-19    4,93081883406036    0
-2,03711796467302    -3,97874782610608    0
0,875727606677245    1,54762367779172E-154    0
-3,52243260040051    -2,01273933839032    0
4,05107332630289    -2,50382380289587    0
2,53246862484072    -0,64921354206708    0
-3,06232557906851    7,67451215926173E-155    0
-2,83308144559756    -0,699967535072922    0
-4,00058787735206    -2,40899274005042    0
1,14258521261185E-270    -1,50457500285574    0
2,25433022094189    2,77735350473641E-150    0
1,44097500197753E-270    1,44922566927929    0
-2,72343863075645E-154    2,56204488214148E-147    0
-3,48488476169258    -1,33335302197318E-19    0
2,28139784288394E-154    1,86931881442169    0
-8,99736318669696E-39    2,89329263644708    0
3,71300787594016    2,4129691866347E-05    0
-3,04494510048205    -0,284541348443107    0
-2,50315982885415    2,5855109859106E-308    0
-2,09704367820647E-154    -2,1821062118376    0
-5,3658018532044E-10    -5,99845053999284E-39    0
-1,73657616351316    -1,3301840010143E-19    0
-2,10379223937528E-135    -2,31197567065804    0
1,7378343026295    -1,56224059246585    0
-2,10344615295624E-135    -1,27406377522634E-38    0
-1,03353159936378E-38    2,05835262723052    0
-3,71300541483247    1,07136474635401    0
1,36870435396501E-19    1,59156010847989    0
-2,10344624167816E-135    3,07660478908874E-147    0
6,1993876173143E-10    4,88207658382747    0
-3,67451379425682    -1,92708999271769E-308    0
-0,772012765333039    -4,17882068454656    0
3,31546094194974    4,73749848361476    0
-3,89910271003675    -1,4325892386694    0
3,34288821596406    4,64795525412705    0
-1,4250011406165E-38    -3,33408081017392    0
-0,836926706059336    1,96465976622113    0
1,15526965537467E-308    2,58955632666228E-154    0
1,55023875738944    0,0116187714263227    0
-1,36360191503123E-308    0,139907954266678    0
-0,623207013479244    3,08485473329676    0
-0,262581741149041    -4,17882155920724    0
0,813190125394767    1,29180138878663    0
-2,1136944483715E-19    -4,46115364045304    0
0,816203049845158    1,29203052505769    0
1,15558464702458E-38    2,14321042988628    0
-2,12507361554178E-19    3,26565578499276    0
1,39053647264332    -2,3866449706333    0
-0,00908144933725932    0,612661752415454    0
3,08215313501756    0,934926408841288    0
-1,56345304574999    -3,7825189940708    0
-0,133844169386219    1,24008091184489    0
-4,66599735333462    0,672576229843495    0
-2,26490863969406E-154    -5,2458766279798E-05    0
1,27900985166663    1,32997665241374E-38    0
3,08042057485198E-38    0,256501985639426    0
-4,9807353714174    2,20536095891397    0
-3,6529675436495    4,52045204019733    0
2,0712757659398    0,453969978473135    0
-3,21608336888915    -4,52045204019733    0
1,82106692451761    3,83700813066469    0
-3,54958175147974    0,302114509723034    0
-1,32839043453727    1,79417551035532    0
-0,574788803684199    -1,15570242559396    0
-4,64682799844779    -1,64305142312324    0
-3,65340325907802    0,715462693329201    0
-4,97310968580444    -4,47705680009737    0
-0,766050667577395    4,40817377151367    0
